0.00000 4.40000 -3.30000 0.55000
1.00000 0.60000 -5.60000 -2.50000
2.00000 0.00000 -4.40000 -2.20000
3.00000 2.80000 -1.10000 0.85000
4.00000 5.60000 0.00000 2.80000
5.00000 7.80000 1.10000 4.45000
6.00000 7.20000 2.80000 5.00000
7.00000 8.90000 1.70000 5.30000
8.00000 9.40000 3.90000 6.65000
9.00000 8.30000 4.40000 6.35000
10.00000 7.80000 2.80000 5.30000
11.00000 8.30000 5.60000 6.95000
12.00000 10.00000 6.10000 8.05000
13.00000 13.30000 3.30000 8.30000
14.00000 3.30000 1.70000 2.50000
15.00000 2.80000 0.00000 1.40000
16.00000 6.10000 1.70000 3.90000
17.00000 1.70000 -3.90000 -1.10000
18.00000 10.60000 -1.10000 4.75000
19.00000 11.70000 -1.10000 5.30000
20.00000 0.00000 -3.30000 -1.65000
21.00000 -2.80000 -10.60000 -6.70000
22.00000 -6.70000 -11.70000 -9.20000
23.00000 -5.60000 -11.10000 -8.35000
24.00000 -4.40000 -10.60000 -7.50000
25.00000 -2.80000 -9.40000 -6.10000
26.00000 1.10000 -7.20000 -3.05000
27.00000 2.20000 -1.70000 0.25000
28.00000 9.40000 2.20000 5.80000
29.00000 15.00000 3.90000 9.45000
30.00000 16.10000 -1.10000 7.50000
31.00000 -0.60000 -4.40000 -2.50000
32.00000 -1.70000 -7.20000 -4.45000
33.00000 -1.10000 -4.40000 -2.75000
34.00000 -1.10000 -5.00000 -3.05000
35.00000 0.00000 -2.20000 -1.10000
36.00000 3.90000 -1.70000 1.10000
37.00000 0.00000 -3.30000 -1.65000
38.00000 1.10000 -2.80000 -0.85000
39.00000 0.00000 -6.10000 -3.05000
40.00000 2.20000 -7.80000 -2.80000
41.00000 7.20000 1.10000 4.15000
42.00000 6.70000 2.20000 4.45000
43.00000 6.70000 0.60000 3.65000
44.00000 7.80000 0.60000 4.20000
45.00000 12.80000 2.80000 7.80000
46.00000 5.00000 -0.60000 2.20000
47.00000 0.00000 -7.80000 -3.90000
48.00000 1.70000 -8.30000 -3.30000
49.00000 9.40000 0.60000 5.00000
50.00000 3.30000 -3.90000 -0.30000
51.00000 1.10000 -4.40000 -1.65000
52.00000 3.30000 -3.90000 -0.30000
53.00000 5.60000 2.20000 3.90000
54.00000 8.30000 1.10000 4.70000
55.00000 7.20000 0.00000 3.60000
56.00000 6.70000 1.70000 4.20000
57.00000 8.30000 2.20000 5.25000
58.00000 10.60000 3.90000 7.25000
59.00000 7.20000 2.20000 4.70000
60.00000 4.40000 -0.60000 1.90000
61.00000 4.40000 -1.70000 1.35000
62.00000 5.60000 -2.80000 1.40000
63.00000 9.40000 -0.60000 4.40000
64.00000 5.60000 3.30000 4.45000
65.00000 3.30000 0.60000 1.95000
66.00000 5.60000 -0.60000 2.50000
67.00000 12.80000 1.70000 7.25000
68.00000 10.00000 2.20000 6.10000
69.00000 12.20000 4.40000 8.30000
70.00000 13.90000 6.10000 10.00000
71.00000 11.10000 3.30000 7.20000
72.00000 5.00000 -1.70000 1.65000
73.00000 8.30000 -1.10000 3.60000
74.00000 5.00000 0.00000 2.50000
75.00000 3.30000 -1.70000 0.80000
76.00000 1.70000 -2.20000 -0.25000
77.00000 6.10000 0.60000 3.35000
78.00000 7.20000 0.00000 3.60000
79.00000 4.40000 -1.10000 1.65000
80.00000 5.00000 -2.20000 1.40000
81.00000 7.80000 0.00000 3.90000
82.00000 8.30000 0.60000 4.45000
83.00000 4.40000 2.20000 3.30000
84.00000 11.70000 2.80000 7.25000
85.00000 11.70000 2.20000 6.95000
86.00000 10.60000 2.80000 6.70000
87.00000 12.80000 4.40000 8.60000
88.00000 15.00000 4.40000 9.70000
89.00000 12.20000 6.70000 9.45000
90.00000 16.70000 2.80000 9.75000
91.00000 6.10000 0.60000 3.35000
92.00000 7.80000 0.60000 4.20000
93.00000 11.70000 0.60000 6.15000
94.00000 17.80000 5.00000 11.40000
95.00000 11.10000 1.70000 6.40000
96.00000 12.80000 4.40000 8.60000
97.00000 22.80000 10.60000 16.70000
98.00000 27.80000 10.60000 19.20000
99.00000 23.30000 12.80000 18.05000
100.00000 15.60000 8.30000 11.95000
101.00000 8.30000 5.00000 6.65000
102.00000 14.40000 5.00000 9.70000
103.00000 13.90000 7.80000 10.85000
104.00000 15.00000 6.70000 10.85000
105.00000 17.20000 8.30000 12.75000
106.00000 21.70000 12.80000 17.25000
107.00000 15.00000 10.60000 12.80000
108.00000 21.70000 12.80000 17.25000
109.00000 15.60000 6.10000 10.85000
110.00000 12.80000 2.80000 7.80000
111.00000 12.80000 5.00000 8.90000
112.00000 11.70000 5.00000 8.35000
113.00000 20.60000 6.70000 13.65000
114.00000 18.90000 7.80000 13.35000
115.00000 19.40000 10.00000 14.70000
116.00000 21.70000 8.90000 15.30000
117.00000 20.60000 10.60000 15.60000
118.00000 13.90000 11.10000 12.50000
119.00000 20.00000 10.60000 15.30000
120.00000 20.60000 8.30000 14.45000
121.00000 22.20000 9.40000 15.80000
122.00000 18.90000 9.40000 14.15000
123.00000 20.60000 8.90000 14.75000
124.00000 17.80000 7.80000 12.80000
125.00000 20.60000 7.80000 14.20000
126.00000 23.30000 11.10000 17.20000
127.00000 17.20000 12.80000 15.00000
128.00000 20.00000 12.20000 16.10000
129.00000 26.10000 15.00000 20.55000
130.00000 21.10000 16.10000 18.60000
131.00000 21.10000 10.60000 15.85000
132.00000 14.40000 7.20000 10.80000
133.00000 16.10000 5.60000 10.85000
134.00000 20.60000 11.10000 15.85000
135.00000 26.10000 16.70000 21.40000
136.00000 22.20000 14.40000 18.30000
137.00000 18.30000 13.30000 15.80000
138.00000 15.00000 12.80000 13.90000
139.00000 26.10000 14.40000 20.25000
140.00000 30.00000 20.00000 25.00000
141.00000 25.60000 15.00000 20.30000
142.00000 26.70000 17.80000 22.25000
143.00000 18.30000 7.20000 12.75000
144.00000 12.20000 7.20000 9.70000
145.00000 18.90000 8.90000 13.90000
146.00000 22.80000 10.60000 16.70000
147.00000 20.00000 13.30000 16.65000
148.00000 27.80000 14.40000 21.10000
149.00000 32.20000 22.20000 27.20000
150.00000 32.20000 23.90000 28.05000
151.00000 32.20000 22.80000 27.50000
152.00000 31.10000 20.60000 25.85000
153.00000 25.60000 18.90000 22.25000
154.00000 23.90000 13.90000 18.90000
155.00000 23.30000 14.40000 18.85000
156.00000 21.10000 15.00000 18.05000
157.00000 17.20000 15.00000 16.10000
158.00000 25.00000 13.90000 19.45000
159.00000 26.70000 17.20000 21.95000
160.00000 21.10000 16.70000 18.90000
161.00000 26.70000 17.80000 22.25000
162.00000 24.40000 18.30000 21.35000
163.00000 20.60000 12.80000 16.70000
164.00000 22.20000 11.70000 16.95000
165.00000 26.70000 16.10000 21.40000
166.00000 26.70000 18.30000 22.50000
167.00000 28.90000 20.60000 24.75000
168.00000 28.90000 17.80000 23.35000
169.00000 25.00000 15.00000 20.00000
170.00000 26.70000 16.70000 21.70000
171.00000 27.80000 17.80000 22.80000
172.00000 28.90000 18.30000 23.60000
173.00000 31.10000 21.10000 26.10000
174.00000 33.30000 23.30000 28.30000
175.00000 32.80000 22.80000 27.80000
176.00000 29.40000 23.30000 26.35000
177.00000 30.00000 22.80000 26.40000
178.00000 29.40000 22.80000 26.10000
179.00000 28.30000 21.70000 25.00000
180.00000 30.00000 22.80000 26.40000
181.00000 25.00000 22.20000 23.60000
182.00000 27.80000 22.20000 25.00000
183.00000 28.30000 22.80000 25.55000
184.00000 30.60000 23.90000 27.25000
185.00000 32.20000 24.40000 28.30000
186.00000 33.30000 25.60000 29.45000
187.00000 33.30000 25.60000 29.45000
188.00000 31.70000 22.80000 27.25000
189.00000 31.10000 23.30000 27.20000
190.00000 29.40000 23.90000 26.65000
191.00000 28.90000 24.40000 26.65000
192.00000 25.00000 20.00000 22.50000
193.00000 27.20000 19.40000 23.30000
194.00000 32.20000 23.30000 27.75000
195.00000 34.40000 25.60000 30.00000
196.00000 34.40000 25.00000 29.70000
197.00000 36.10000 26.10000 31.10000
198.00000 36.70000 27.20000 31.95000
199.00000 35.60000 28.30000 31.95000
200.00000 33.90000 27.20000 30.55000
201.00000 31.70000 24.40000 28.05000
202.00000 30.00000 23.90000 26.95000
203.00000 30.60000 22.80000 26.70000
204.00000 28.30000 20.00000 24.15000
205.00000 20.00000 17.80000 18.90000
206.00000 28.30000 18.30000 23.30000
207.00000 27.80000 21.10000 24.45000
208.00000 25.60000 21.10000 23.35000
209.00000 29.40000 20.60000 25.00000
210.00000 28.30000 19.40000 23.85000
211.00000 28.30000 19.40000 23.85000
212.00000 24.40000 18.90000 21.65000
213.00000 28.30000 19.40000 23.85000
214.00000 25.60000 20.00000 22.80000
215.00000 26.70000 18.90000 22.80000
216.00000 25.60000 16.70000 21.15000
217.00000 27.80000 17.80000 22.80000
218.00000 26.70000 21.10000 23.90000
219.00000 27.20000 21.10000 24.15000
220.00000 29.40000 23.30000 26.35000
221.00000 28.30000 21.10000 24.70000
222.00000 27.20000 18.30000 22.75000
223.00000 27.80000 21.10000 24.45000
224.00000 25.00000 20.00000 22.50000
225.00000 23.30000 16.10000 19.70000
226.00000 25.60000 15.00000 20.30000
227.00000 27.80000 17.80000 22.80000
228.00000 28.90000 17.80000 23.35000
229.00000 24.40000 20.00000 22.20000
230.00000 26.10000 18.90000 22.50000
231.00000 31.10000 20.00000 25.55000
232.00000 32.20000 22.20000 27.20000
233.00000 25.60000 21.70000 23.65000
234.00000 27.80000 21.70000 24.75000
235.00000 26.70000 18.30000 22.50000
236.00000 28.30000 17.80000 23.05000
237.00000 28.90000 20.00000 24.45000
238.00000 30.60000 21.70000 26.15000
239.00000 30.00000 21.70000 25.85000
240.00000 26.70000 21.70000 24.20000
241.00000 29.40000 21.10000 25.25000
242.00000 30.00000 22.80000 26.40000
243.00000 28.90000 23.90000 26.40000
244.00000 27.80000 23.30000 25.55000
245.00000 27.80000 20.00000 23.90000
246.00000 27.80000 18.30000 23.05000
247.00000 26.70000 17.80000 22.25000
248.00000 22.20000 13.90000 18.05000
249.00000 26.70000 15.00000 20.85000
250.00000 28.30000 17.80000 23.05000
251.00000 22.80000 13.90000 18.35000
252.00000 30.60000 20.00000 25.30000
253.00000 35.60000 25.00000 30.30000
254.00000 30.60000 21.10000 25.85000
255.00000 25.00000 15.00000 20.00000
256.00000 19.40000 12.20000 15.80000
257.00000 22.80000 10.60000 16.70000
258.00000 22.80000 13.30000 18.05000
259.00000 18.30000 10.00000 14.15000
260.00000 22.20000 10.60000 16.40000
261.00000 25.60000 12.80000 19.20000
262.00000 26.10000 15.60000 20.85000
263.00000 25.00000 16.10000 20.55000
264.00000 20.60000 12.20000 16.40000
265.00000 18.90000 10.00000 14.45000
266.00000 22.80000 8.30000 15.55000
267.00000 22.80000 11.10000 16.95000
268.00000 21.70000 14.40000 18.05000
269.00000 20.60000 13.90000 17.25000
270.00000 22.80000 13.30000 18.05000
271.00000 22.20000 13.90000 18.05000
272.00000 23.90000 13.30000 18.60000
273.00000 27.80000 15.00000 21.40000
274.00000 28.30000 17.80000 23.05000
275.00000 25.60000 17.20000 21.40000
276.00000 30.00000 18.90000 24.45000
277.00000 24.40000 17.80000 21.10000
278.00000 21.10000 18.30000 19.70000
279.00000 24.40000 15.60000 20.00000
280.00000 19.40000 12.20000 15.80000
281.00000 16.70000 11.70000 14.20000
282.00000 18.30000 12.20000 15.25000
283.00000 20.00000 15.60000 17.80000
284.00000 22.20000 15.60000 18.90000
285.00000 18.30000 13.30000 15.80000
286.00000 18.90000 11.10000 15.00000
287.00000 22.20000 11.70000 16.95000
288.00000 19.40000 13.30000 16.35000
289.00000 22.80000 16.10000 19.45000
290.00000 20.00000 12.80000 16.40000
291.00000 17.80000 11.10000 14.45000
292.00000 17.20000 10.00000 13.60000
293.00000 18.90000 10.00000 14.45000
294.00000 19.40000 10.60000 15.00000
295.00000 12.80000 7.20000 10.00000
296.00000 12.20000 5.00000 8.60000
297.00000 11.70000 4.40000 8.05000
298.00000 12.80000 5.00000 8.90000
299.00000 14.40000 7.80000 11.10000
300.00000 16.10000 6.10000 11.10000
301.00000 13.30000 6.70000 10.00000
302.00000 15.60000 8.30000 11.95000
303.00000 18.90000 11.70000 15.30000
304.00000 21.10000 15.00000 18.05000
305.00000 20.00000 12.80000 16.40000
306.00000 12.80000 2.80000 7.80000
307.00000 7.80000 1.70000 4.75000
308.00000 12.80000 5.00000 8.90000
309.00000 16.10000 9.40000 12.75000
310.00000 17.80000 6.70000 12.25000
311.00000 10.00000 4.40000 7.20000
312.00000 10.00000 3.30000 6.65000
313.00000 16.10000 6.70000 11.40000
314.00000 11.70000 6.10000 8.90000
315.00000 11.10000 -0.50000 5.30000
316.00000 3.90000 -1.60000 1.15000
317.00000 11.10000 0.60000 5.85000
318.00000 13.90000 6.70000 10.30000
319.00000 15.60000 7.20000 11.40000
320.00000 15.60000 10.60000 13.10000
321.00000 18.30000 10.60000 14.45000
322.00000 10.60000 2.20000 6.40000
323.00000 6.70000 0.00000 3.35000
324.00000 11.10000 1.70000 6.40000
325.00000 13.90000 10.60000 12.25000
326.00000 12.20000 -0.50000 5.85000
327.00000 -1.00000 -4.90000 -2.95000
328.00000 1.70000 -4.90000 -1.60000
329.00000 8.30000 0.60000 4.45000
330.00000 16.70000 1.70000 9.20000
331.00000 1.70000 -1.00000 0.35000
332.00000 3.90000 -1.60000 1.15000
333.00000 3.90000 -3.80000 0.05000
334.00000 9.40000 2.20000 5.80000
335.00000 9.40000 5.00000 7.20000
336.00000 11.70000 3.30000 7.50000
337.00000 11.10000 5.00000 8.05000
338.00000 15.60000 8.90000 12.25000
339.00000 16.70000 2.80000 9.75000
340.00000 5.00000 0.00000 2.50000
341.00000 0.60000 -1.60000 -0.50000
342.00000 3.90000 -0.50000 1.70000
343.00000 2.80000 -1.00000 0.90000
344.00000 0.60000 -2.70000 -1.05000
345.00000 -1.00000 -4.90000 -2.95000
346.00000 1.70000 -4.90000 -1.60000
347.00000 1.10000 -5.50000 -2.20000
348.00000 4.40000 -1.00000 1.70000
349.00000 0.60000 -3.80000 -1.60000
350.00000 0.00000 -4.30000 -2.15000
351.00000 2.80000 -4.90000 -1.05000
352.00000 8.30000 -1.00000 3.65000
353.00000 11.70000 5.00000 8.35000
354.00000 18.30000 10.60000 14.45000
355.00000 21.70000 16.10000 18.90000
356.00000 17.80000 5.60000 11.70000
357.00000 5.60000 -3.20000 1.20000
358.00000 -0.50000 -7.10000 -3.80000
359.00000 2.20000 -1.00000 0.60000
360.00000 4.40000 -0.50000 1.95000
361.00000 12.80000 2.20000 7.50000
362.00000 8.90000 5.00000 6.95000
363.00000 7.20000 -4.90000 1.15000
364.00000 0.00000 -6.00000 -3.00000
365.00000 0.60000 -4.30000 -1.85000
